0.1e-5 0.1e-5 0.1e-5 0.1e-5 0.1e-5 0.1e-5 0.1e-5 0.1e-5 0.1e-5 0.1e-5 0.1e-5
0.1e-5 0.1e-5 0.1e-5 0.1e-5 0.1e-5 0.1e-5 0.1e-5 0.1e-5 0.1e-5 0.1e-5 0.1e-5
0.1e-5 0.1e-5 0.1e-5 0.1e-5 0.1e-5 0.1e-5 0.1e-5 0.1e-5 0.1e-5 0.1e-5 0.1e-5
0.1e-5 0.1e-5 0.1e-5 0.1e-5 0.1e-5 0.1e-5 0.1e-5 0.1e-5 0.1e-5 0.1e-5 0.1e-5
0.1e-5 0.1e-5 0.1e-5 0.1e-5 0.1e-5 0.1e-5 0.1e-5 0.1e-5 0.1e-5 0.1e-5 0.1e-5
0.1e-5 0.1e-5 0.1e-5 0.1e-5 0.1e-5 0.1e-5 0.1e-5 0.1e-5 0.1e-5 0.1e-5 0.1e-5
0.1e-5 0.1e-5 0.1e-5 0.1e-5 0.1e-5 0.1e-5 0.1e-5 0.1e-5 0.1e-5 0.1e-5 0.1e-5
0.1e-5 0.1e-5 0.1e-5 0.1e-5 0.1e-5 0.1e-5 0.1e-5 0.1e-5 0.1e-5 0.1e-5 0.1e-5
0.1e-5 0.1e-5 0.1e-5 0.1e-5 0.1e-5 0.1e-5 0.1e-5 0.1e-5 0.1e-5 0.1e-5 0.1e-5
0.1e-5 0.1e-5 0.1e-5 0.1e-5 0.1e-5 0.1e-5 0.1e-5 0.1e-5 0.1e-5 0.1e-5 0.1e-5
0.1e-5 0.1e-5 0.1e-5 0.1e-5 0.1e-5 0.1e-5 0.1e-5 0.1e-5 0.1e-5 0.1e-5 0.1e-5